1455714526.182000 112.837408 27.052963 149.528292 15
1455714526.291000 112.837408 27.052963 150.528292 15
1455714526.395000 112.837408 27.052963 151.028292 15
1455714526.499000 112.837409 27.052963 151.528292 15
1455714526.701000 112.837409 27.052963 152.528292 15
1455714526.814000 112.837408 27.052963 153.028292 15
1455714526.921000 112.837409 27.052963 153.528292 15
1455714527.028000 112.837409 27.052963 154.028292 15
1455714527.233000 112.837409 27.052963 155.028292 15
1455714527.338000 112.837409 27.052963 155.528292 15
1455714527.445000 112.837408 27.052963 156.028292 15
1455714527.560000 112.837408 27.052963 156.528292 15
1455714527.663000 112.837408 27.052963 157.028292 15
1455714527.768000 112.837408 27.052963 157.528292 15
1455714527.872000 112.837408 27.052963 158.028292 15
1455714527.978000 112.837408 27.052963 158.528292 15
1455714528.085000 112.837408 27.052963 159.528292 15
1455714528.189000 112.837408 27.052963 160.028292 15
1455714528.291000 112.837408 27.052963 160.528292 15
1455714528.393000 112.837408 27.052963 161.028292 15
1455714528.498000 112.837408 27.052963 161.528292 15
1455714528.599000 112.837408 27.052963 162.028292 15
1455714528.703000 112.837408 27.052963 162.528292 15
1455714528.806000 112.837408 27.052963 163.028292 15
1455714529.009000 112.837408 27.052963 164.028292 15
1455714529.112000 112.837408 27.052963 164.528292 15
1455714529.221000 112.837408 27.052963 165.028292 15
1455714529.326000 112.837408 27.052963 165.528292 15
1455714529.428000 112.837408 27.052963 166.028292 15
1455714529.630000 112.837408 27.052963 166.928292 15
1455714529.739000 112.837408 27.052963 167.428292 15
1455714529.840000 112.837408 27.052963 167.928292 15
1455714529.942000 112.837408 27.052962 168.428292 15
1455714530.048000 112.837408 27.052962 168.928292 15
1455714530.155000 112.837408 27.052962 169.428292 15
1455714530.256000 112.837408 27.052962 169.928292 15
1455714530.362000 112.837408 27.052962 170.328292 15
1455714530.472000 112.837408 27.052962 170.828292 15
1455714530.578000 112.837408 27.052962 171.228292 15
1455714530.680000 112.837408 27.052962 171.528292 15
1455714530.788000 112.837409 27.052962 172.128292 15
1455714530.892000 112.837409 27.052962 172.328292 15
1455714530.995000 112.837409 27.052962 172.528292 15
1455714531.097000 112.837409 27.052962 172.728292 15
1455714531.200000 112.837409 27.052962 172.928292 15
1455714531.308000 112.837409 27.052962 173.128292 15
1455714531.412000 112.837409 27.052962 173.228292 15
1455714531.514000 112.837409 27.052962 173.328292 15
1455714531.617000 112.837409 27.052962 173.428292 15
1455714531.719000 112.837409 27.052961 173.528292 15
1455714531.820000 112.837409 27.052961 173.628292 15
1455714531.921000 112.837409 27.052961 173.628292 15
1455714532.023000 112.837409 27.052961 173.728292 15
1455714532.127000 112.837409 27.052961 173.728292 15
1455714532.230000 112.837409 27.052961 173.828292 15
1455714532.331000 112.837410 27.052961 173.828292 15
1455714532.435000 112.837410 27.052961 173.828292 15
1455714532.540000 112.837410 27.052960 173.828292 15
1455714532.659000 112.837410 27.052960 173.828292 15
1455714532.764000 112.837410 27.052960 173.828292 15
1455714532.866000 112.837410 27.052960 173.828292 15
1455714532.969000 112.837410 27.052960 173.828292 15
1455714533.072000 112.837410 27.052960 173.828292 15
1455714533.180000 112.837410 27.052960 173.828292 15
1455714533.282000 112.837410 27.052960 173.828292 15
1455714533.485000 112.837410 27.052960 174.028292 15
1455714533.593000 112.837410 27.052960 174.028292 15
1455714533.699000 112.837410 27.052960 174.028292 15
1455714533.801000 112.837410 27.052960 174.228292 15
1455714533.904000 112.837410 27.052960 174.328292 15
1455714534.008000 112.837410 27.052960 174.428292 15
1455714534.110000 112.837410 27.052960 174.628292 15
1455714534.219000 112.837410 27.052960 174.728292 15
1455714534.321000 112.837410 27.052961 174.928292 15
1455714534.425000 112.837410 27.052961 175.128292 15
1455714534.527000 112.837410 27.052961 175.328292 15
1455714534.643000 112.837410 27.052961 175.528292 15
1455714534.750000 112.837410 27.052961 175.828292 15
1455714534.858000 112.837410 27.052961 176.028292 15
1455714534.960000 112.837410 27.052961 176.228292 15
1455714535.063000 112.837410 27.052961 176.528292 15
1455714535.166000 112.837410 27.052962 176.728292 15
1455714535.274000 112.837410 27.052962 176.928292 15
1455714535.384000 112.837410 27.052962 177.328292 15
1455714535.491000 112.837410 27.052962 177.428292 15
1455714535.794000 112.837410 27.052962 177.828292 15
1455714535.899000 112.837410 27.052963 177.828292 15
1455714536.005000 112.837410 27.052963 177.828292 15
1455714536.109000 112.837410 27.052963 177.928292 15
1455714536.212000 112.837410 27.052963 177.928292 15
1455714536.314000 112.837410 27.052963 177.928292 15
1455714536.419000 112.837410 27.052963 177.928292 15
1455714536.522000 112.837410 27.052963 177.928292 15
1455714536.633000 112.837410 27.052963 178.028292 15
1455714536.736000 112.837410 27.052963 178.028292 15
1455714536.840000 112.837410 27.052963 178.028292 15
1455714536.948000 112.837410 27.052962 178.028292 15
1455714537.154000 112.837410 27.052962 178.028292 15
1455714537.258000 112.837410 27.052962 178.028292 15
1455714537.362000 112.837410 27.052962 178.028292 15
1455714537.464000 112.837410 27.052962 178.028292 15
1455714537.666000 112.837410 27.052961 178.028292 15
1455714537.771000 112.837410 27.052961 178.028292 15
1455714537.878000 112.837410 27.052961 178.028292 15
1455714537.984000 112.837410 27.052961 178.028292 15
1455714538.088000 112.837410 27.052961 178.028292 15
1455714538.193000 112.837410 27.052961 178.028292 15
1455714538.296000 112.837409 27.052961 178.028292 15
1455714538.400000 112.837410 27.052961 178.028292 15
1455714538.505000 112.837409 27.052961 178.028292 15
1455714538.608000 112.837409 27.052961 178.028292 15
1455714538.713000 112.837409 27.052961 178.028292 15
1455714538.817000 112.837409 27.052961 178.028292 15
1455714538.919000 112.837409 27.052961 178.028292 15
1455714539.022000 112.837409 27.052961 178.028292 15
1455714539.125000 112.837409 27.052961 178.028292 15
1455714539.230000 112.837409 27.052961 178.028292 15
1455714539.336000 112.837409 27.052961 178.028292 15
1455714539.437000 112.837409 27.052961 178.028292 15
1455714539.639000 112.837409 27.052961 178.028292 15
1455714539.742000 112.837409 27.052961 178.028292 15
1455714539.844000 112.837409 27.052961 178.028292 15
1455714540.048000 112.837410 27.052962 178.028292 15
1455714540.151000 112.837410 27.052962 178.028292 15
1455714540.253000 112.837410 27.052962 177.928292 15
1455714540.356000 112.837410 27.052962 178.028292 15
1455714540.463000 112.837410 27.052962 178.028292 15
1455714540.566000 112.837410 27.052962 178.028292 15
1455714540.670000 112.837410 27.052963 178.028292 15
1455714540.773000 112.837410 27.052964 177.928292 15
1455714540.876000 112.837410 27.052965 178.028292 15
1455714540.978000 112.837410 27.052966 178.028292 15
1455714541.082000 112.837410 27.052967 178.028292 15
1455714541.185000 112.837409 27.052968 178.028292 15
1455714541.287000 112.837409 27.052972 178.028292 15
1455714541.490000 112.837409 27.052976 178.028292 15
1455714541.598000 112.837408 27.052978 178.028292 15
1455714541.703000 112.837408 27.052981 178.028292 15
1455714541.807000 112.837408 27.052984 177.928292 15
1455714541.913000 112.837407 27.052987 177.928292 15
1455714542.017000 112.837407 27.052990 178.028292 15
1455714542.119000 112.837406 27.052994 177.928292 15
1455714542.224000 112.837406 27.052998 177.928292 15
1455714542.326000 112.837405 27.053002 177.928292 15
1455714542.429000 112.837405 27.053007 177.928292 15
1455714542.532000 112.837405 27.053012 177.928292 15
1455714542.643000 112.837404 27.053016 178.028292 15
1455714542.748000 112.837403 27.053022 178.028292 15
1455714542.849000 112.837403 27.053027 178.028292 15
1455714542.951000 112.837402 27.053033 178.028292 15
1455714543.053000 112.837402 27.053039 178.028292 15
1455714543.155000 112.837401 27.053045 178.028292 15
1455714543.258000 112.837401 27.053051 178.028292 15
1455714543.460000 112.837400 27.053064 178.028292 15
1455714543.562000 112.837399 27.053072 178.028292 15
1455714543.665000 112.837399 27.053079 178.028292 15
1455714543.780000 112.837398 27.053086 178.028292 15
1455714543.888000 112.837398 27.053102 178.028292 15
1455714544.090000 112.837397 27.053118 177.928292 15
1455714544.194000 112.837397 27.053126 177.928292 15
1455714544.300000 112.837397 27.053134 177.928292 15
1455714544.403000 112.837397 27.053143 177.928292 15
1455714544.505000 112.837397 27.053151 177.928292 15
1455714544.606000 112.837397 27.053160 177.928292 15
1455714544.709000 112.837397 27.053169 177.928292 15
1455714544.813000 112.837398 27.053178 177.928292 15
1455714544.917000 112.837398 27.053187 177.928292 15
1455714545.021000 112.837398 27.053196 177.928292 15
1455714545.126000 112.837399 27.053206 177.928292 15
1455714545.229000 112.837400 27.053215 177.928292 15
1455714545.332000 112.837401 27.053225 177.928292 15
1455714545.440000 112.837401 27.053234 177.928292 15
1455714545.543000 112.837402 27.053244 177.928292 15
1455714545.649000 112.837403 27.053254 177.928292 15
1455714545.753000 112.837404 27.053264 177.928292 15
1455714545.855000 112.837405 27.053274 177.928292 15
1455714545.960000 112.837406 27.053284 177.828292 15
1455714546.063000 112.837407 27.053294 177.828292 15
1455714546.164000 112.837408 27.053304 177.828292 15
1455714546.266000 112.837408 27.053314 177.828292 15
1455714546.369000 112.837409 27.053325 177.828292 15
1455714546.472000 112.837410 27.053335 177.828292 15
1455714546.575000 112.837411 27.053345 177.728292 15
1455714546.679000 112.837412 27.053356 177.728292 15
1455714546.792000 112.837413 27.053367 177.728292 15
1455714546.895000 112.837414 27.053388 177.728292 15
1455714547.006000 112.837415 27.053398 177.728292 15
1455714547.110000 112.837416 27.053409 177.728292 15
1455714547.212000 112.837416 27.053420 177.828292 15
1455714547.314000 112.837417 27.053431 177.828292 15
1455714547.416000 112.837418 27.053441 177.828292 15
1455714547.518000 112.837418 27.053452 177.828292 15
1455714547.620000 112.837419 27.053463 177.728292 15
1455714547.722000 112.837419 27.053473 177.728292 15
1455714547.826000 112.837420 27.053484 177.728292 15
1455714547.929000 112.837420 27.053495 177.728292 15
1455714548.034000 112.837421 27.053506 177.728292 15
1455714548.144000 112.837422 27.053517 177.728292 15
1455714548.245000 112.837422 27.053528 177.728292 15
1455714548.347000 112.837422 27.053539 177.728292 15
1455714548.449000 112.837423 27.053550 177.728292 15
1455714548.550000 112.837423 27.053561 177.628292 15
1455714548.654000 112.837424 27.053572 177.628292 15
1455714548.762000 112.837424 27.053583 177.728292 15
1455714548.864000 112.837425 27.053593 177.728292 15
1455714548.967000 112.837425 27.053605 177.728292 15
1455714549.073000 112.837425 27.053616 177.728292 15
1455714549.188000 112.837426 27.053638 177.728292 15
1455714549.301000 112.837426 27.053649 177.728292 15
1455714549.407000 112.837427 27.053660 177.728292 15
1455714549.510000 112.837427 27.053671 177.728292 15
1455714549.622000 112.837427 27.053682 177.728292 15
1455714549.725000 112.837427 27.053693 177.828292 15
1455714549.831000 112.837427 27.053704 177.828292 15
1455714549.935000 112.837427 27.053715 177.828292 15
1455714550.036000 112.837427 27.053726 177.828292 15
1455714550.142000 112.837427 27.053738 177.828292 15
1455714550.245000 112.837427 27.053749 177.828292 15
1455714550.348000 112.837427 27.053760 177.828292 15
1455714550.451000 112.837426 27.053771 177.828292 15
1455714550.553000 112.837426 27.053782 177.928292 15
1455714550.655000 112.837426 27.053793 177.928292 15
1455714550.782000 112.837425 27.053816 177.928292 15
1455714550.984000 112.837424 27.053838 177.928292 15
1455714551.087000 112.837423 27.053849 177.928292 15
1455714551.189000 112.837423 27.053860 177.928292 15
1455714551.296000 112.837422 27.053871 177.928292 15
1455714551.400000 112.837422 27.053883 177.928292 15
1455714551.504000 112.837421 27.053894 177.828292 15
1455714551.607000 112.837421 27.053905 177.828292 15
1455714551.809000 112.837419 27.053927 177.828292 15
1455714551.913000 112.837419 27.053939 177.828292 15
1455714552.014000 112.837418 27.053950 177.828292 15
1455714552.116000 112.837417 27.053961 177.928292 15
1455714552.219000 112.837417 27.053973 177.928292 15
1455714552.323000 112.837416 27.053984 177.928292 15
1455714552.528000 112.837414 27.054006 177.928292 15
1455714552.632000 112.837414 27.054017 177.928292 15
1455714552.733000 112.837413 27.054028 177.928292 15
1455714552.836000 112.837412 27.054040 177.928292 15
1455714552.939000 112.837411 27.054051 178.028292 15
1455714553.041000 112.837411 27.054062 178.028292 15
1455714553.149000 112.837410 27.054073 178.028292 15
1455714553.253000 112.837409 27.054085 178.028292 15
1455714553.356000 112.837408 27.054096 178.028292 15
1455714553.458000 112.837407 27.054107 178.028292 15
1455714553.565000 112.837406 27.054118 178.028292 15
1455714553.668000 112.837405 27.054130 178.028292 15
1455714553.770000 112.837404 27.054141 178.028292 15
1455714553.872000 112.837403 27.054152 178.028292 15
1455714553.974000 112.837402 27.054163 178.028292 15
1455714554.076000 112.837401 27.054174 178.128292 15
1455714554.178000 112.837400 27.054185 178.128292 15
1455714554.281000 112.837397 27.054207 178.128292 15
1455714554.389000 112.837396 27.054219 178.128292 15
1455714554.493000 112.837394 27.054229 178.228292 15
1455714554.600000 112.837393 27.054240 178.228292 15
1455714554.705000 112.837391 27.054251 178.228292 15
1455714554.808000 112.837390 27.054262 178.228292 15
1455714554.910000 112.837388 27.054273 178.128292 15
1455714555.017000 112.837387 27.054284 178.228292 15
1455714555.120000 112.837385 27.054295 178.128292 15
1455714555.225000 112.837384 27.054306 178.228292 15
1455714555.329000 112.837382 27.054317 178.228292 15
1455714555.430000 112.837381 27.054328 178.228292 15
1455714555.534000 112.837379 27.054339 178.228292 15
1455714555.645000 112.837378 27.054350 178.228292 15
1455714555.755000 112.837376 27.054361 178.228292 15
1455714555.857000 112.837375 27.054372 178.128292 15
1455714555.960000 112.837374 27.054383 178.228292 15
1455714556.062000 112.837372 27.054394 178.228292 15
1455714556.163000 112.837371 27.054405 178.128292 15
1455714556.272000 112.837369 27.054416 178.128292 15
1455714556.378000 112.837368 27.054427 178.228292 15
1455714556.480000 112.837366 27.054439 178.228292 15
1455714556.586000 112.837363 27.054461 178.228292 15
1455714556.692000 112.837362 27.054472 178.228292 15
1455714556.796000 112.837360 27.054483 178.228292 15
1455714556.899000 112.837359 27.054494 178.228292 15
1455714557.001000 112.837357 27.054505 178.228292 15
1455714557.107000 112.837356 27.054516 178.128292 15
1455714557.212000 112.837354 27.054528 178.128292 15
1455714557.315000 112.837354 27.054528 178.128292 15
1455714557.417000 112.837351 27.054550 178.128292 15
1455714557.520000 112.837350 27.054562 178.128292 15
1455714557.623000 112.837348 27.054573 178.128292 15
1455714557.738000 112.837347 27.054584 178.128292 15
1455714557.846000 112.837345 27.054596 178.128292 15
1455714557.949000 112.837343 27.054607 178.228292 15
1455714558.055000 112.837342 27.054618 178.228292 15
1455714558.157000 112.837340 27.054630 178.228292 15
1455714558.267000 112.837338 27.054641 178.128292 15
1455714558.379000 112.837337 27.054653 178.128292 15
1455714558.482000 112.837335 27.054664 178.128292 15
1455714558.588000 112.837333 27.054676 178.128292 15
1455714558.692000 112.837329 27.054699 178.228292 15
1455714558.798000 112.837327 27.054711 178.228292 15
1455714558.907000 112.837325 27.054722 178.228292 15
1455714559.010000 112.837323 27.054734 178.228292 15
1455714559.112000 112.837322 27.054746 178.228292 15
1455714559.222000 112.837320 27.054757 178.228292 15
1455714559.327000 112.837318 27.054769 178.228292 15
1455714559.435000 112.837316 27.054781 178.228292 15
1455714559.542000 112.837314 27.054793 178.228292 15
1455714559.653000 112.837312 27.054804 178.228292 15
1455714559.755000 112.837310 27.054816 178.228292 15
1455714559.859000 112.837308 27.054828 178.328292 15
1455714559.964000 112.837306 27.054840 178.328292 15
1455714560.066000 112.837305 27.054851 178.328292 15
1455714560.268000 112.837301 27.054875 178.328292 15
1455714560.373000 112.837300 27.054887 178.328292 15
1455714560.475000 112.837298 27.054899 178.328292 15
1455714560.577000 112.837296 27.054910 178.328292 15
1455714560.680000 112.837294 27.054922 178.328292 15
1455714560.787000 112.837291 27.054945 178.328292 15
1455714560.989000 112.837288 27.054968 178.328292 15
1455714561.098000 112.837286 27.054980 178.328292 15
1455714561.209000 112.837284 27.054992 178.328292 15
1455714561.311000 112.837283 27.055003 178.328292 15
1455714561.420000 112.837281 27.055015 178.328292 15
1455714561.623000 112.837278 27.055039 178.328292 15
1455714561.726000 112.837277 27.055051 178.328292 15
1455714561.828000 112.837275 27.055062 178.328292 15
1455714561.931000 112.837274 27.055074 178.328292 15
1455714562.033000 112.837273 27.055086 178.328292 15
1455714562.135000 112.837271 27.055098 178.428292 15
1455714562.238000 112.837270 27.055110 178.428292 15
1455714562.341000 112.837269 27.055121 178.428292 15
1455714562.443000 112.837267 27.055133 178.328292 15
1455714562.546000 112.837266 27.055144 178.328292 15
1455714562.647000 112.837265 27.055156 178.228292 15
1455714562.749000 112.837263 27.055168 178.228292 15
1455714562.952000 112.837260 27.055191 178.228292 15
1455714563.053000 112.837259 27.055203 178.228292 15
1455714563.155000 112.837258 27.055215 178.228292 15
1455714563.257000 112.837256 27.055226 178.228292 15
1455714563.369000 112.837254 27.055238 178.228292 15
1455714563.482000 112.837253 27.055250 178.128292 15
1455714563.584000 112.837251 27.055261 178.128292 15
1455714563.686000 112.837248 27.055285 178.128292 15
1455714563.789000 112.837246 27.055296 178.128292 15
1455714563.890000 112.837245 27.055308 178.128292 15
1455714563.992000 112.837243 27.055320 178.128292 15
1455714564.095000 112.837242 27.055331 178.128292 15
1455714564.197000 112.837240 27.055343 178.128292 15
1455714564.405000 112.837238 27.055367 178.128292 15
1455714564.513000 112.837237 27.055378 178.128292 15
1455714564.619000 112.837235 27.055390 178.128292 15
1455714564.721000 112.837234 27.055402 178.128292 15
1455714564.825000 112.837233 27.055414 178.128292 15
1455714564.926000 112.837232 27.055425 178.128292 15
1455714565.028000 112.837231 27.055437 178.128292 15
1455714565.134000 112.837230 27.055449 178.128292 15
1455714565.235000 112.837229 27.055461 178.128292 15
1455714565.337000 112.837228 27.055473 178.128292 15
1455714565.439000 112.837227 27.055484 178.128292 15
1455714565.543000 112.837226 27.055496 178.128292 15
1455714565.648000 112.837225 27.055508 178.128292 15
1455714565.757000 112.837224 27.055520 178.128292 15
1455714565.859000 112.837223 27.055531 178.128292 15
1455714565.962000 112.837222 27.055543 178.128292 15
1455714566.063000 112.837222 27.055555 178.128292 15
1455714566.165000 112.837221 27.055567 178.128292 15
1455714566.270000 112.837220 27.055579 178.128292 15
1455714566.372000 112.837219 27.055590 178.128292 15
1455714566.480000 112.837219 27.055602 178.128292 15
1455714566.587000 112.837217 27.055626 178.128292 15
1455714566.697000 112.837216 27.055638 178.228292 15
1455714566.799000 112.837215 27.055649 178.228292 15
1455714566.905000 112.837215 27.055661 178.228292 15
1455714567.009000 112.837214 27.055673 178.228292 15
1455714567.111000 112.837213 27.055685 178.228292 15
1455714567.216000 112.837212 27.055697 178.228292 15
1455714567.322000 112.837211 27.055708 178.228292 15
1455714567.425000 112.837210 27.055720 178.228292 15
1455714567.530000 112.837209 27.055732 178.228292 15
1455714567.635000 112.837208 27.055744 178.328292 15
1455714567.740000 112.837207 27.055756 178.328292 15
1455714567.942000 112.837205 27.055779 178.228292 15
1455714568.044000 112.837204 27.055791 178.228292 15
1455714568.246000 112.837202 27.055815 178.128292 15
1455714568.348000 112.837201 27.055827 178.128292 15
1455714568.453000 112.837200 27.055839 178.128292 15
1455714568.656000 112.837197 27.055863 178.128292 15
1455714568.775000 112.837196 27.055875 178.128292 15
1455714568.877000 112.837195 27.055886 178.028292 15
1455714568.997000 112.837193 27.055910 178.028292 15
1455714569.103000 112.837192 27.055922 178.028292 15
1455714569.208000 112.837191 27.055934 178.028292 15
1455714569.310000 112.837190 27.055946 178.028292 15
1455714569.414000 112.837189 27.055957 178.028292 15
1455714569.517000 112.837187 27.055969 178.028292 15
1455714569.618000 112.837186 27.055981 178.028292 15
1455714569.721000 112.837185 27.055993 178.028292 15
1455714569.822000 112.837184 27.056005 178.028292 15
1455714569.925000 112.837183 27.056016 178.128292 15
1455714570.033000 112.837181 27.056028 178.128292 15
1455714570.137000 112.837180 27.056040 178.128292 15
1455714570.242000 112.837179 27.056052 178.128292 15
1455714570.343000 112.837178 27.056063 178.128292 15
1455714570.445000 112.837177 27.056075 178.128292 15
1455714570.547000 112.837176 27.056087 178.128292 15
1455714570.651000 112.837176 27.056087 178.128292 15
1455714570.754000 112.837173 27.056110 178.128292 15
1455714570.959000 112.837171 27.056133 178.228292 15
1455714571.063000 112.837170 27.056145 178.228292 15
1455714571.167000 112.837169 27.056157 178.128292 15
1455714571.271000 112.837168 27.056168 178.128292 15
1455714571.387000 112.837166 27.056192 178.128292 15
1455714571.492000 112.837165 27.056203 178.128292 15
1455714571.594000 112.837164 27.056215 178.128292 15
1455714571.696000 112.837164 27.056215 178.128292 15
1455714572.099000 112.837159 27.056273 178.128292 15
1455714572.201000 112.837158 27.056284 178.128292 15
1455714572.609000 112.837155 27.056319 178.128292 15
1455714572.912000 112.837152 27.056354 178.128292 15
1455714573.116000 112.837149 27.056389 178.128292 15
1455714573.220000 112.837148 27.056401 178.128292 15
1455714573.321000 112.837146 27.056412 178.128292 15
1455714573.423000 112.837145 27.056424 178.128292 15
1455714573.527000 112.837144 27.056436 178.128292 15
1455714573.632000 112.837143 27.056447 178.128292 15
1455714573.739000 112.837142 27.056459 178.128292 15
1455714573.845000 112.837141 27.056471 178.028292 15
1455714573.946000 112.837140 27.056483 178.028292 15
1455714574.050000 112.837138 27.056494 178.028292 15
1455714574.154000 112.837137 27.056506 178.028292 15
1455714574.257000 112.837136 27.056518 178.028292 15
1455714574.359000 112.837135 27.056530 178.028292 15
1455714574.461000 112.837133 27.056541 178.028292 15
1455714574.564000 112.837132 27.056553 178.128292 15
1455714574.667000 112.837131 27.056564 178.128292 15
1455714574.770000 112.837130 27.056575 178.228292 15
1455714574.872000 112.837130 27.056575 178.228292 15
1455714574.974000 112.837128 27.056597 178.328292 15
1455714575.076000 112.837127 27.056608 178.328292 15
1455714575.180000 112.837125 27.056619 178.328292 15
1455714575.285000 112.837123 27.056640 178.428292 15
1455714575.388000 112.837122 27.056651 178.428292 15
1455714575.491000 112.837121 27.056661 178.428292 15
1455714575.592000 112.837120 27.056671 178.428292 15
1455714575.694000 112.837119 27.056681 178.428292 15
1455714575.796000 112.837118 27.056692 178.428292 15
1455714575.899000 112.837117 27.056701 178.428292 15
1455714576.002000 112.837116 27.056711 178.428292 15
1455714576.104000 112.837115 27.056721 178.428292 15
1455714576.309000 112.837114 27.056731 178.328292 15
1455714577.619000 112.837104 27.056854 178.128292 15
1455714577.727000 112.837103 27.056872 178.028292 15
1455714577.829000 112.837103 27.056881 178.028292 15
1455714577.934000 112.837104 27.056889 178.028292 15
1455714578.036000 112.837104 27.056898 178.028292 15
1455714578.143000 112.837104 27.056907 177.928292 15
1455714578.249000 112.837105 27.056915 177.928292 15
1455714578.354000 112.837106 27.056923 177.928292 15
1455714578.459000 112.837107 27.056932 177.828292 15
1455714578.565000 112.837109 27.056939 177.828292 15
1455714578.670000 112.837110 27.056947 177.828292 15
1455714578.772000 112.837112 27.056955 177.828292 15
1455714578.877000 112.837113 27.056963 177.828292 15
1455714578.979000 112.837115 27.056970 177.928292 15
1455714579.081000 112.837115 27.056970 177.928292 15
1455714579.189000 112.837122 27.056992 177.928292 15
1455714579.291000 112.837125 27.056999 177.928292 15
1455714579.402000 112.837127 27.057006 177.928292 15
1455714579.508000 112.837127 27.057006 177.928292 15
1455714579.612000 112.837133 27.057019 177.928292 15
1455714579.730000 112.837136 27.057026 177.928292 15
1455714580.446000 112.837162 27.057070 178.028292 15
1455714580.573000 112.837166 27.057075 178.028292 15
1455714580.704000 112.837175 27.057087 178.028292 15
1455714580.822000 112.837179 27.057093 178.028292 15
1455714581.046000 112.837184 27.057098 178.028292 15
1455714581.171000 112.837188 27.057104 178.028292 15
1455714581.275000 112.837196 27.057115 177.928292 15
1455714581.382000 112.837196 27.057115 177.928292 15
1455714581.495000 112.837207 27.057131 177.928292 15
1455714581.617000 112.837210 27.057137 177.928292 15
1455714581.719000 112.837213 27.057142 177.928292 15
1455714581.824000 112.837215 27.057147 177.928292 15
1455714581.928000 112.837217 27.057153 177.928292 15
1455714582.033000 112.837219 27.057158 177.928292 15
1455714582.139000 112.837221 27.057163 177.928292 15
1455714582.242000 112.837222 27.057168 177.928292 15
1455714582.345000 112.837223 27.057173 177.928292 15
1455714582.451000 112.837224 27.057178 177.928292 15
1455714582.556000 112.837224 27.057178 177.928292 15
1455714582.663000 112.837224 27.057187 177.928292 15
1455714582.771000 112.837223 27.057192 177.928292 15
1455714582.974000 112.837222 27.057201 177.928292 15
1455714583.076000 112.837221 27.057205 177.928292 15
1455714583.200000 112.837219 27.057209 177.928292 15
1455714583.317000 112.837216 27.057218 177.928292 15
1455714583.424000 112.837215 27.057222 177.928292 15
1455714583.570000 112.837212 27.057225 178.028292 15
1455714583.672000 112.837210 27.057229 178.028292 15
1455714583.791000 112.837205 27.057236 178.028292 15
1455714583.896000 112.837202 27.057240 178.028292 15
1455714583.999000 112.837199 27.057243 178.028292 15
1455714584.101000 112.837195 27.057246 178.128292 15
1455714584.204000 112.837192 27.057249 178.128292 15
1455714584.314000 112.837188 27.057252 178.128292 15
1455714584.431000 112.837184 27.057255 178.128292 15
1455714584.549000 112.837184 27.057255 178.128292 15
1455714584.966000 112.837160 27.057268 178.228292 15
1455714585.068000 112.837155 27.057271 178.228292 15
1455714585.172000 112.837149 27.057273 178.228292 15
1455714585.281000 112.837143 27.057275 178.228292 15
1455714585.486000 112.837132 27.057280 178.228292 15
1455714585.588000 112.837119 27.057284 178.328292 15
1455714585.690000 112.837119 27.057284 178.328292 15
1455714585.799000 112.837106 27.057288 178.428292 15
1455714585.901000 112.837099 27.057290 178.428292 15
1455714586.004000 112.837099 27.057290 178.428292 15
1455714586.408000 112.837063 27.057301 178.428292 15
1455714586.510000 112.837056 27.057303 178.428292 15
1455714586.623000 112.837048 27.057306 178.528292 15
1455714586.728000 112.837040 27.057308 178.528292 15
1455714586.843000 112.837032 27.057310 178.528292 15
1455714586.946000 112.837024 27.057312 178.528292 15
1455714587.249000 112.837000 27.057319 178.528292 15
1455714587.365000 112.836991 27.057321 178.528292 15
1455714587.470000 112.836991 27.057321 178.528292 15
1455714587.576000 112.836974 27.057325 178.528292 15
1455714587.679000 112.836965 27.057327 178.528292 15
1455714587.782000 112.836956 27.057329 178.528292 15
1455714587.889000 112.836947 27.057331 178.528292 15
1455714587.993000 112.836938 27.057333 178.528292 15
1455714588.196000 112.836911 27.057339 178.528292 15
1455714588.302000 112.836901 27.057341 178.528292 15
1455714588.504000 112.836882 27.057344 178.528292 15
1455714588.606000 112.836872 27.057346 178.528292 15
1455714588.710000 112.836862 27.057348 178.428292 15
1455714588.814000 112.836862 27.057348 178.428292 15
1455714588.918000 112.836842 27.057351 178.428292 15
1455714589.020000 112.836832 27.057353 178.428292 15
1455714589.124000 112.836822 27.057354 178.428292 15
1455714589.231000 112.836812 27.057356 178.428292 15
1455714589.333000 112.836801 27.057357 178.428292 15
1455714589.434000 112.836791 27.057359 178.328292 15
1455714589.537000 112.836791 27.057359 178.328292 15
1455714589.642000 112.836770 27.057361 178.328292 15
1455714589.744000 112.836759 27.057362 178.328292 15
1455714589.847000 112.836748 27.057364 178.328292 15
1455714589.949000 112.836737 27.057365 178.328292 15
1455714590.056000 112.836726 27.057366 178.328292 15
1455714590.161000 112.836715 27.057367 178.328292 15
1455714590.264000 112.836705 27.057368 178.328292 15
1455714590.367000 112.836705 27.057368 178.328292 15
1455714590.670000 112.836661 27.057372 178.328292 15
1455714590.771000 112.836650 27.057372 178.328292 15
1455714590.876000 112.836640 27.057373 178.328292 15
1455714591.278000 112.836597 27.057375 178.228292 15
1455714591.382000 112.836587 27.057375 178.228292 15
1455714591.484000 112.836576 27.057375 178.228292 15
1455714591.589000 112.836566 27.057375 178.228292 15
1455714591.694000 112.836545 27.057375 178.228292 15
1455714591.798000 112.836535 27.057375 178.228292 15
1455714591.901000 112.836535 27.057375 178.228292 15
1455714592.003000 112.836525 27.057374 178.128292 15
1455714592.405000 112.836475 27.057371 178.028292 15
1455714592.607000 112.836456 27.057369 178.028292 15
1455714592.709000 112.836446 27.057367 178.028292 15
1455714592.913000 112.836428 27.057364 178.028292 15
1455714593.115000 112.836409 27.057360 178.028292 15
1455714593.222000 112.836400 27.057358 178.028292 15
1455714593.333000 112.836392 27.057356 178.028292 15
1455714593.462000 112.836383 27.057354 178.028292 15
1455714593.565000 112.836374 27.057352 178.128292 15
1455714593.871000 112.836348 27.057344 178.128292 15
1455714593.975000 112.836340 27.057341 178.128292 15
1455714594.078000 112.836332 27.057339 178.128292 15
1455714594.180000 112.836324 27.057336 178.128292 15
1455714594.282000 112.836315 27.057333 178.128292 15
1455714594.391000 112.836299 27.057327 178.128292 15
1455714594.493000 112.836291 27.057324 178.128292 15
1455714594.599000 112.836283 27.057320 178.128292 15
1455714594.807000 112.836268 27.057314 178.128292 15
1455714594.908000 112.836260 27.057310 178.128292 15
1455714595.010000 112.836252 27.057307 178.128292 15
1455714595.112000 112.836244 27.057303 178.028292 15
1455714595.216000 112.836237 27.057300 178.028292 15
1455714595.322000 112.836229 27.057296 178.028292 15
1455714595.524000 112.836214 27.057289 178.028292 15
1455714595.626000 112.836206 27.057285 177.928292 15
1455714595.739000 112.836199 27.057282 177.928292 15
1455714595.944000 112.836184 27.057274 177.928292 15
1455714596.047000 112.836177 27.057270 177.928292 15
1455714596.149000 112.836170 27.057266 177.828292 15
1455714596.250000 112.836163 27.057262 177.828292 15
1455714596.353000 112.836156 27.057257 177.828292 15
1455714596.455000 112.836149 27.057253 177.828292 15
1455714596.559000 112.836143 27.057248 177.728292 15
1455714596.666000 112.836137 27.057243 177.728292 15
1455714596.769000 112.836131 27.057238 177.728292 15
1455714596.871000 112.836125 27.057233 177.728292 15
1455714596.976000 112.836120 27.057227 177.728292 15
1455714597.078000 112.836114 27.057222 177.728292 15
1455714597.182000 112.836109 27.057216 177.728292 15
1455714597.285000 112.836104 27.057210 177.728292 15
1455714597.390000 112.836099 27.057204 177.828292 15
1455714597.492000 112.836090 27.057191 177.828292 15
1455714597.595000 112.836085 27.057185 177.928292 15
1455714597.697000 112.836081 27.057178 177.928292 15
1455714597.805000 112.836077 27.057171 177.928292 15
1455714597.908000 112.836074 27.057164 178.028292 15
1455714598.013000 112.836070 27.057157 178.028292 15
1455714598.130000 112.836066 27.057149 178.028292 15
1455714598.252000 112.836063 27.057142 178.028292 15
1455714598.369000 112.836060 27.057134 178.028292 15
1455714598.472000 112.836056 27.057126 178.028292 15
1455714598.576000 112.836054 27.057118 178.028292 15
1455714598.681000 112.836050 27.057110 177.928292 15
1455714598.783000 112.836048 27.057102 177.928292 15
1455714598.887000 112.836045 27.057094 178.028292 15
1455714598.990000 112.836040 27.057077 178.028292 15
1455714599.096000 112.836037 27.057068 178.028292 15
1455714599.200000 112.836035 27.057059 178.028292 15
1455714599.302000 112.836033 27.057051 178.028292 15
1455714599.405000 112.836030 27.057042 178.028292 15
1455714599.507000 112.836028 27.057033 178.028292 15
1455714599.616000 112.836026 27.057024 178.028292 15
1455714599.721000 112.836024 27.057014 178.028292 15
1455714599.835000 112.836023 27.057005 178.028292 15
1455714599.939000 112.836021 27.056996 178.028292 15
1455714600.041000 112.836019 27.056986 178.028292 15
1455714600.158000 112.836018 27.056977 178.028292 15
1455714600.279000 112.836016 27.056967 178.028292 15
1455714600.484000 112.836013 27.056947 178.028292 15
1455714600.586000 112.836012 27.056937 178.028292 15
1455714600.697000 112.836010 27.056917 178.028292 15
1455714600.798000 112.836009 27.056907 178.028292 15
1455714600.901000 112.836008 27.056897 178.028292 15
1455714601.005000 112.836007 27.056886 178.028292 15
1455714601.108000 112.836006 27.056876 178.028292 15
1455714601.210000 112.836005 27.056865 178.128292 15
1455714601.315000 112.836004 27.056855 178.128292 15
1455714601.425000 112.836004 27.056844 178.128292 15
1455714601.534000 112.836003 27.056833 178.128292 15
1455714601.635000 112.836002 27.056823 178.128292 15
1455714601.745000 112.836002 27.056812 178.128292 15
1455714601.847000 112.836001 27.056801 178.128292 15
1455714601.957000 112.836001 27.056790 178.128292 15
1455714602.062000 112.836000 27.056779 178.128292 15
1455714602.163000 112.836000 27.056768 178.128292 15
1455714602.265000 112.835999 27.056757 178.228292 15
1455714602.369000 112.835999 27.056746 178.128292 15
1455714602.472000 112.835998 27.056735 178.128292 15
1455714602.574000 112.835998 27.056723 178.228292 15
1455714602.685000 112.835998 27.056712 178.228292 15
1455714602.786000 112.835998 27.056700 178.128292 15
1455714602.888000 112.835997 27.056689 178.128292 15
1455714602.997000 112.835997 27.056666 178.128292 15
1455714603.100000 112.835997 27.056654 178.128292 15
1455714603.205000 112.835997 27.056642 178.128292 15
1455714603.308000 112.835997 27.056630 178.028292 15
1455714603.415000 112.835998 27.056618 178.028292 15
1455714603.519000 112.835998 27.056606 178.028292 15
1455714603.621000 112.835998 27.056594 178.028292 15
1455714603.723000 112.835998 27.056582 178.028292 15
1455714603.825000 112.835999 27.056570 178.028292 15
1455714603.927000 112.835999 27.056557 178.028292 15
1455714604.030000 112.835999 27.056545 178.028292 15
1455714604.134000 112.836000 27.056532 178.028292 15
1455714604.236000 112.836000 27.056520 178.028292 15
1455714604.340000 112.836001 27.056507 178.028292 15
1455714604.445000 112.836002 27.056495 178.028292 15
1455714604.548000 112.836002 27.056482 178.028292 15
1455714604.650000 112.836003 27.056469 178.028292 15
1455714604.753000 112.836004 27.056456 178.028292 15
1455714604.855000 112.836005 27.056443 178.028292 15
1455714604.957000 112.836006 27.056430 178.028292 15
1455714605.059000 112.836007 27.056417 178.128292 15
1455714605.164000 112.836008 27.056404 178.028292 15
1455714605.267000 112.836009 27.056391 178.128292 15
1455714605.369000 112.836010 27.056378 178.128292 15
1455714605.477000 112.836011 27.056365 178.128292 15
1455714605.599000 112.836014 27.056338 178.128292 15
1455714605.701000 112.836016 27.056325 178.128292 15
1455714605.807000 112.836017 27.056312 178.128292 15
1455714605.908000 112.836019 27.056298 178.128292 15
1455714606.012000 112.836020 27.056285 178.128292 15
1455714606.115000 112.836022 27.056271 178.128292 15
1455714606.219000 112.836024 27.056258 178.128292 15
1455714606.321000 112.836026 27.056244 178.028292 15
1455714606.427000 112.836028 27.056231 178.028292 15
1455714606.532000 112.836030 27.056217 178.028292 15
1455714606.636000 112.836032 27.056203 178.028292 15
1455714606.747000 112.836034 27.056190 178.028292 15
1455714606.851000 112.836037 27.056176 178.028292 15
1455714606.962000 112.836039 27.056162 177.928292 15
1455714607.064000 112.836041 27.056148 177.928292 15
1455714607.166000 112.836044 27.056134 177.928292 15
1455714607.268000 112.836046 27.056121 177.928292 15
1455714607.370000 112.836049 27.056107 177.928292 15
1455714607.474000 112.836051 27.056093 177.928292 15
1455714607.578000 112.836053 27.056079 177.928292 15
1455714607.681000 112.836056 27.056065 177.928292 15
1455714607.784000 112.836059 27.056051 177.828292 15
1455714607.889000 112.836061 27.056037 177.828292 15
1455714607.990000 112.836066 27.056010 177.828292 15
1455714608.093000 112.836069 27.055996 177.828292 15
1455714608.201000 112.836072 27.055982 177.828292 15
1455714608.303000 112.836075 27.055968 177.828292 15
1455714608.408000 112.836078 27.055954 177.828292 15
1455714608.509000 112.836080 27.055940 177.928292 15
1455714608.615000 112.836083 27.055926 177.928292 15
1455714608.719000 112.836086 27.055912 177.928292 15
1455714608.821000 112.836089 27.055898 177.928292 15
1455714608.922000 112.836092 27.055884 177.928292 15
1455714609.024000 112.836094 27.055870 177.928292 15
1455714609.127000 112.836097 27.055856 178.028292 15
1455714609.230000 112.836100 27.055842 178.028292 15
1455714609.333000 112.836103 27.055829 178.028292 15
1455714609.435000 112.836106 27.055815 177.928292 15
1455714609.537000 112.836108 27.055801 177.928292 15
1455714609.648000 112.836111 27.055787 177.928292 15
1455714609.768000 112.836114 27.055773 177.928292 15
1455714609.869000 112.836117 27.055759 177.928292 15
1455714609.971000 112.836119 27.055745 177.928292 15
1455714610.072000 112.836122 27.055731 177.928292 15
1455714610.174000 112.836125 27.055716 177.928292 15
1455714610.276000 112.836127 27.055702 177.828292 15
1455714610.377000 112.836130 27.055688 177.828292 15
1455714610.480000 112.836133 27.055674 177.828292 15
1455714610.581000 112.836135 27.055660 177.828292 15
1455714610.695000 112.836138 27.055646 177.828292 15
1455714610.806000 112.836143 27.055617 177.728292 15
1455714610.908000 112.836146 27.055603 177.728292 15
1455714611.010000 112.836148 27.055589 177.728292 15
1455714611.112000 112.836151 27.055574 177.628292 15
1455714611.214000 112.836154 27.055560 177.628292 15
1455714611.320000 112.836156 27.055546 177.628292 15
1455714611.421000 112.836159 27.055531 177.628292 15
1455714611.524000 112.836162 27.055517 177.628292 15
1455714611.627000 112.836165 27.055502 177.628292 15
1455714611.740000 112.836165 27.055502 177.628292 15
1455714611.842000 112.836170 27.055474 177.628292 15
1455714611.944000 112.836173 27.055459 177.628292 15
1455714612.047000 112.836176 27.055445 177.628292 15
1455714612.148000 112.836178 27.055430 177.628292 15
1455714612.250000 112.836181 27.055415 177.528292 15
1455714612.352000 112.836184 27.055401 177.528292 15
1455714612.454000 112.836187 27.055386 177.428292 15
1455714612.556000 112.836189 27.055371 177.428292 15
1455714612.657000 112.836192 27.055357 177.428292 15
1455714612.768000 112.836195 27.055342 177.328292 15
1455714612.871000 112.836197 27.055327 177.328292 15
1455714612.974000 112.836200 27.055313 177.328292 15
1455714613.075000 112.836203 27.055298 177.328292 15
1455714613.178000 112.836205 27.055283 177.328292 15
1455714613.281000 112.836208 27.055269 177.328292 15
1455714613.383000 112.836211 27.055254 177.328292 15
1455714613.492000 112.836213 27.055240 177.328292 15
1455714613.594000 112.836219 27.055210 177.228292 15
1455714613.697000 112.836221 27.055196 177.228292 15
1455714613.801000 112.836224 27.055181 177.328292 15
1455714613.909000 112.836227 27.055167 177.228292 15
1455714614.012000 112.836229 27.055152 177.328292 15
1455714614.116000 112.836232 27.055138 177.328292 15
1455714614.219000 112.836235 27.055123 177.328292 15
1455714614.321000 112.836238 27.055109 177.328292 15
1455714614.423000 112.836240 27.055094 177.428292 15
1455714614.529000 112.836243 27.055080 177.428292 15
1455714614.632000 112.836246 27.055065 177.428292 15
1455714614.739000 112.836249 27.055051 177.428292 15
1455714614.843000 112.836251 27.055037 177.428292 15
1455714614.948000 112.836254 27.055022 177.428292 15
1455714615.051000 112.836257 27.055008 177.428292 15
1455714615.153000 112.836260 27.054994 177.428292 15
1455714615.256000 112.836263 27.054980 177.428292 15
1455714615.358000 112.836266 27.054965 177.428292 15
1455714615.460000 112.836269 27.054951 177.428292 15
1455714615.562000 112.836272 27.054937 177.428292 15
1455714615.664000 112.836275 27.054923 177.428292 15
1455714615.767000 112.836278 27.054908 177.428292 15
1455714615.870000 112.836281 27.054894 177.528292 15
1455714615.973000 112.836284 27.054880 177.528292 15
1455714616.076000 112.836287 27.054866 177.528292 15
1455714616.178000 112.836290 27.054852 177.528292 15
1455714616.283000 112.836294 27.054838 177.628292 15
1455714616.384000 112.836297 27.054824 177.628292 15
1455714616.485000 112.836300 27.054810 177.628292 15
1455714616.587000 112.836303 27.054796 177.628292 15
1455714616.689000 112.836306 27.054782 177.628292 15
1455714616.805000 112.836312 27.054754 177.628292 15
1455714616.911000 112.836315 27.054740 177.628292 15
1455714617.016000 112.836318 27.054726 177.728292 15
1455714617.118000 112.836321 27.054712 177.728292 15
1455714617.221000 112.836324 27.054698 177.728292 15
1455714617.326000 112.836327 27.054684 177.728292 15
1455714617.428000 112.836330 27.054670 177.728292 15
1455714617.530000 112.836333 27.054656 177.728292 15
1455714617.632000 112.836336 27.054642 177.728292 15
1455714617.739000 112.836339 27.054628 177.728292 15
1455714617.841000 112.836341 27.054614 177.728292 15
1455714617.945000 112.836344 27.054600 177.728292 15
1455714618.050000 112.836347 27.054586 177.828292 15
1455714618.151000 112.836349 27.054572 177.828292 15
1455714618.253000 112.836352 27.054559 177.828292 15
